0;0.000000
1;0.000000
2;0.000000
3;0.000000
4;0.000000
5;0.000000
6;0.000000
7;0.000000
8;0.000000
9;0.000000
10;1.000000
11;1.000000
12;1.000000
13;1.000000
14;2.000000
15;2.000000
16;3.000000
17;3.000000
18;4.000000
19;4.000000
20;5.000000
21;5.000000
22;6.000000
23;6.000000
24;7.000000
25;7.000000
26;7.000000
27;8.000000
28;8.000000
29;9.000000
30;9.000000
31;9.000000
32;10.000000
33;10.000000
34;10.000000
35;10.000000
36;10.000000
37;10.000000
38;11.000000
39;11.000000
40;11.000000
41;11.000000
42;11.000000
43;11.000000
44;12.000000
45;12.000000
46;12.000000
47;12.000000
48;12.000000
49;13.000000
50;13.000000
51;13.000000
52;14.000000
53;14.000000
54;15.000000
55;15.000000
56;15.000000
57;16.000000
58;16.000000
59;17.000000
60;18.000000
61;18.000000
62;19.000000
63;19.000000
64;20.000000
65;20.000000
66;21.000000
67;22.000000
68;22.000000
69;23.000000
70;23.000000
71;24.000000
72;25.000000
73;25.000000
74;26.000000
75;26.000000
76;27.000000
77;27.000000
78;28.000000
79;28.000000
80;29.000000
81;29.000000
82;30.000000
83;30.000000
84;31.000000
85;32.000000
86;32.000000
87;33.000000
88;33.000000
89;34.000000
90;34.000000
91;35.000000
92;36.000000
93;36.000000
94;37.000000
95;38.000000
96;38.000000
97;39.000000
98;40.000000
99;40.000000
100;41.000000
101;42.000000
102;42.000000
103;43.000000
104;44.000000
105;45.000000
106;45.000000
107;46.000000
108;47.000000
109;48.000000
110;48.000000
111;49.000000
112;50.000000
113;51.000000
114;51.000000
115;52.000000
116;53.000000
117;54.000000
118;54.000000
119;55.000000
120;56.000000
121;57.000000
122;58.000000
123;58.000000
124;59.000000
125;60.000000
126;61.000000
127;61.000000
128;62.000000
129;63.000000
130;64.000000
131;65.000000
132;65.000000
133;66.000000
134;67.000000
135;68.000000
136;69.000000
137;70.000000
138;70.000000
139;71.000000
140;72.000000
141;73.000000
142;74.000000
143;75.000000
144;75.000000
145;76.000000
146;77.000000
147;78.000000
148;79.000000
149;80.000000
150;81.000000
151;81.000000
152;82.000000
153;83.000000
154;84.000000
155;85.000000
156;86.000000
157;87.000000
158;87.000000
159;88.000000
160;89.000000
161;90.000000
162;91.000000
163;92.000000
164;93.000000
165;94.000000
166;94.000000
167;95.000000
168;96.000000
169;97.000000
170;98.000000
171;99.000000
172;100.000000
173;101.000000
174;102.000000
175;102.000000
176;103.000000
177;104.000000
178;105.000000
179;106.000000
180;107.000000
181;108.000000
182;109.000000
183;110.000000
184;111.000000
185;111.000000
186;112.000000
187;113.000000
188;114.000000
189;115.000000
190;116.000000
191;117.000000
192;118.000000
193;119.000000
194;120.000000
195;121.000000
196;122.000000
197;123.000000
198;124.000000
199;125.000000
200;126.000000
201;126.000000
202;127.000000
203;128.000000
204;129.000000
205;130.000000
206;131.000000
207;132.000000
208;133.000000
209;134.000000
210;135.000000
211;136.000000
212;137.000000
213;138.000000
214;139.000000
215;139.000000
216;141.000000
217;142.000000
218;142.000000
219;144.000000
220;144.000000
221;145.000000
222;146.000000
223;147.000000
224;148.000000
225;149.000000
226;150.000000
227;151.000000
228;152.000000
229;153.000000
230;154.000000
231;155.000000
232;156.000000
233;157.000000
234;158.000000
235;159.000000
236;160.000000
237;161.000000
238;162.000000
239;163.000000
240;164.000000
241;165.000000
242;166.000000
243;167.000000
244;168.000000
245;169.000000
246;170.000000
247;171.000000
248;172.000000
249;172.000000
250;173.000000
251;174.000000
252;175.000000
253;176.000000
254;177.000000
255;178.000000
256;179.000000
257;180.000000
258;181.000000
259;182.000000
260;183.000000
261;184.000000
262;185.000000
263;186.000000
264;187.000000
265;188.000000
266;189.000000
267;190.000000
268;191.000000
269;192.000000
270;193.000000
271;194.000000
272;195.000000
273;196.000000
274;197.000000
275;198.000000
276;199.000000
277;199.000000
278;201.000000
279;202.000000
280;202.000000
281;203.000000
282;204.000000
283;205.000000
284;206.000000
285;207.000000
286;208.000000
287;209.000000
288;210.000000
289;211.000000
290;212.000000
291;213.000000
292;214.000000
293;215.000000
294;216.000000
295;217.000000
296;218.000000
297;219.000000
298;220.000000
299;221.000000
300;222.000000
301;222.000000
302;223.000000
303;224.000000
304;225.000000
305;226.000000
306;227.000000
307;228.000000
308;229.000000
309;230.000000
310;231.000000
311;232.000000
312;233.000000
313;234.000000
314;235.000000
315;236.000000
316;237.000000
317;238.000000
318;238.000000
319;240.000000
320;241.000000
321;241.000000
322;242.000000
323;243.000000
324;244.000000
325;245.000000
326;246.000000
327;247.000000
328;248.000000
329;249.000000
330;250.000000
331;251.000000
332;252.000000
333;253.000000
334;254.000000
335;255.000000
336;255.000000
337;256.000000
338;257.000000
339;258.000000
340;259.000000
341;259.000000
342;260.000000
343;261.000000
344;262.000000
345;262.000000
346;263.000000
347;264.000000
348;264.000000
349;265.000000
350;266.000000
351;266.000000
352;267.000000
353;267.000000
354;268.000000
355;268.000000
356;269.000000
357;269.000000
358;270.000000
359;270.000000
360;270.000000
361;271.000000
362;271.000000
363;271.000000
364;272.000000
365;272.000000
366;272.000000
367;273.000000
368;273.000000
369;273.000000
370;273.000000
371;274.000000
372;274.000000
373;274.000000
374;274.000000
375;275.000000
376;275.000000
377;275.000000
378;276.000000
379;276.000000
380;276.000000
381;276.000000
382;277.000000
383;277.000000
384;277.000000
385;277.000000
386;278.000000
387;278.000000
388;278.000000
389;279.000000
390;279.000000
391;279.000000
392;279.000000
393;279.000000
394;280.000000
395;280.000000
396;280.000000
397;280.000000
398;280.000000
399;280.000000
400;280.000000
401;280.000000
402;280.000000
403;280.000000
404;280.000000
405;280.000000
406;280.000000
407;280.000000
408;280.000000
409;280.000000
410;280.000000
411;280.000000
412;280.000000
413;280.000000
414;280.000000
415;280.000000
416;280.000000
417;280.000000
418;280.000000
419;280.000000
420;280.000000
421;280.000000
422;280.000000
423;280.000000
424;280.000000
425;280.000000
426;280.000000
427;280.000000
428;280.000000
429;280.000000
430;280.000000
431;280.000000
432;279.000000
433;279.000000
434;279.000000
435;279.000000
436;279.000000
437;279.000000
438;279.000000
439;278.000000
440;278.000000
441;278.000000
442;278.000000
443;278.000000
444;278.000000
445;278.000000
446;278.000000
447;277.000000
448;277.000000
449;277.000000
450;277.000000
451;277.000000
452;277.000000
453;277.000000
454;277.000000
455;277.000000
456;276.000000
457;276.000000
458;276.000000
459;276.000000
460;276.000000
461;276.000000
462;276.000000
463;276.000000
464;276.000000
465;276.000000
466;275.000000
467;275.000000
468;275.000000
469;275.000000
470;275.000000
471;275.000000
472;274.000000
473;274.000000
474;274.000000
475;274.000000
476;274.000000
477;274.000000
478;274.000000
479;274.000000
480;274.000000
481;273.000000
482;273.000000
483;273.000000
484;273.000000
485;273.000000
486;273.000000
487;273.000000
488;273.000000
489;273.000000
490;272.000000
491;272.000000
492;272.000000
493;272.000000
494;272.000000
495;272.000000
496;272.000000
497;272.000000
498;272.000000
499;272.000000
500;272.000000
501;272.000000
502;272.000000
503;272.000000
504;272.000000
505;272.000000
506;272.000000
507;272.000000
508;272.000000
509;272.000000
510;272.000000
511;272.000000
512;272.000000
513;272.000000
514;272.000000
515;272.000000
516;272.000000
517;272.000000
518;272.000000
519;272.000000
520;272.000000
521;272.000000
522;272.000000
523;272.000000
524;272.000000
525;272.000000
526;272.000000
527;272.000000
528;272.000000
529;272.000000
530;272.000000
531;272.000000
532;272.000000
533;272.000000
534;272.000000
535;272.000000
536;272.000000
537;272.000000
538;272.000000
539;272.000000
540;272.000000
541;272.000000
542;272.000000
543;272.000000
544;272.000000
545;272.000000
546;272.000000
547;272.000000
548;272.000000
549;272.000000
550;272.000000
551;272.000000
552;272.000000
553;272.000000
554;272.000000
555;272.000000
556;272.000000
557;272.000000
558;272.000000
559;272.000000
560;272.000000
561;272.000000
562;272.000000
563;272.000000
564;272.000000
565;272.000000
566;272.000000
567;272.000000
568;272.000000
569;272.000000
570;272.000000
571;272.000000
572;272.000000
573;272.000000
574;272.000000
575;272.000000
576;272.000000
577;272.000000
578;272.000000
579;272.000000
580;272.000000
581;272.000000
582;272.000000
583;272.000000
584;272.000000
585;272.000000
586;272.000000
587;272.000000
588;272.000000
589;272.000000
590;272.000000
591;272.000000
592;272.000000
593;272.000000
594;272.000000
595;272.000000
596;272.000000
597;272.000000
598;272.000000
599;272.000000
600;272.000000
601;272.000000
602;272.000000
603;272.000000
604;272.000000
605;272.000000
606;272.000000
607;272.000000
608;272.000000
609;272.000000
610;272.000000
611;272.000000
612;272.000000
613;272.000000
614;272.000000
615;272.000000
616;272.000000
617;272.000000
618;272.000000
619;272.000000
620;272.000000
621;272.000000
622;272.000000
623;272.000000
624;272.000000
625;272.000000
626;272.000000
627;272.000000
628;272.000000
629;272.000000
630;272.000000
631;272.000000
632;272.000000
633;272.000000
634;272.000000
635;272.000000
636;272.000000
637;272.000000
638;272.000000
639;272.000000
640;272.000000
641;272.000000
642;272.000000
643;272.000000
644;272.000000
645;272.000000
646;272.000000
647;272.000000
648;272.000000
649;272.000000
650;272.000000
651;272.000000
652;272.000000
653;272.000000
654;272.000000
655;272.000000
656;272.000000
657;272.000000
658;272.000000
659;272.000000
660;272.000000
661;272.000000
662;272.000000
663;272.000000
664;272.000000
665;272.000000
666;272.000000
667;272.000000
668;272.000000
669;272.000000
670;272.000000
671;272.000000
672;272.000000
673;272.000000
674;272.000000
675;272.000000
676;272.000000
677;272.000000
678;272.000000
679;272.000000
680;272.000000
681;272.000000
682;272.000000
683;272.000000
684;272.000000
685;272.000000
686;272.000000
687;272.000000
688;272.000000
689;272.000000
690;272.000000
691;272.000000
692;272.000000
693;272.000000
694;272.000000
695;272.000000
696;272.000000
697;272.000000
698;272.000000
699;272.000000
700;272.000000
701;272.000000
702;272.000000
703;272.000000
704;272.000000
705;272.000000
706;272.000000
707;272.000000
708;272.000000
709;272.000000
710;272.000000
711;272.000000
712;272.000000
713;272.000000
714;272.000000
715;272.000000
716;272.000000
717;272.000000
718;272.000000
719;272.000000
720;272.000000
721;272.000000
722;272.000000
723;272.000000
724;272.000000
725;272.000000
726;272.000000
727;272.000000
728;272.000000
729;272.000000
730;272.000000
731;272.000000
732;272.000000
733;272.000000
734;272.000000
735;272.000000
736;272.000000
737;272.000000
738;272.000000
739;272.000000
740;272.000000
741;272.000000
742;272.000000
743;272.000000
744;272.000000
745;272.000000
746;272.000000
747;272.000000
748;272.000000
749;272.000000
750;272.000000
751;272.000000
752;272.000000
753;272.000000
754;272.000000
755;272.000000
756;272.000000
757;272.000000
758;272.000000
759;272.000000
760;272.000000
761;272.000000
762;272.000000
763;272.000000
764;272.000000
765;272.000000
766;272.000000
767;272.000000
768;272.000000
769;272.000000
770;272.000000
771;272.000000
772;272.000000
773;272.000000
774;272.000000
775;272.000000
776;272.000000
777;272.000000
778;272.000000
779;272.000000
780;272.000000
781;272.000000
782;272.000000
783;272.000000
784;272.000000
785;272.000000
786;272.000000
787;272.000000
788;272.000000
789;272.000000
790;272.000000
791;272.000000
792;272.000000
793;272.000000
794;272.000000
795;272.000000
796;272.000000
797;272.000000
798;272.000000
799;272.000000
800;272.000000
801;272.000000
802;272.000000
803;272.000000
804;272.000000
805;272.000000
806;272.000000
807;272.000000
808;272.000000
809;272.000000
810;272.000000
811;272.000000
812;272.000000
813;272.000000
814;272.000000
815;272.000000
816;272.000000
817;272.000000
818;272.000000
819;272.000000
820;272.000000
821;272.000000
822;272.000000
823;272.000000
824;272.000000
825;272.000000
826;272.000000
827;272.000000
828;272.000000
829;272.000000
830;272.000000
831;272.000000
832;272.000000
833;272.000000
834;272.000000
835;272.000000
836;272.000000
837;272.000000
838;272.000000
839;272.000000
840;272.000000
841;272.000000
842;272.000000
843;272.000000
844;272.000000
845;272.000000
846;272.000000
847;272.000000
848;272.000000
849;272.000000
850;272.000000
851;272.000000
852;272.000000
853;272.000000
854;272.000000
855;272.000000
856;272.000000
857;272.000000
858;272.000000
859;272.000000
860;272.000000
861;272.000000
862;272.000000
863;272.000000
864;272.000000
865;272.000000
866;272.000000
867;272.000000
868;272.000000
869;272.000000
870;272.000000
871;272.000000
872;272.000000
873;272.000000
874;272.000000
875;272.000000
876;272.000000
877;272.000000
878;272.000000
879;272.000000
880;272.000000
881;272.000000
882;272.000000
883;272.000000
884;272.000000
885;272.000000
886;272.000000
887;272.000000
888;272.000000
889;272.000000
890;272.000000
891;272.000000
892;272.000000
893;272.000000
894;272.000000
895;272.000000
896;272.000000
897;272.000000
898;272.000000
899;272.000000
900;272.000000
901;272.000000
902;272.000000
903;272.000000
904;272.000000
905;272.000000
906;272.000000
907;272.000000
908;272.000000
909;271.000000
910;271.000000
911;271.000000
912;271.000000
913;271.000000
914;271.000000
915;271.000000
916;271.000000
917;271.000000
918;271.000000
919;271.000000
920;271.000000
921;271.000000
922;271.000000
923;271.000000
924;271.000000
925;271.000000
926;271.000000
927;271.000000
928;271.000000
929;271.000000
930;271.000000
931;271.000000
932;271.000000
933;271.000000
934;271.000000
935;271.000000
936;271.000000
937;271.000000
938;271.000000
939;271.000000
940;271.000000
941;271.000000
942;271.000000
943;271.000000
944;271.000000
945;271.000000
946;271.000000
947;271.000000
948;271.000000
949;271.000000
950;271.000000
951;271.000000
952;271.000000
953;271.000000
954;271.000000
955;271.000000
956;271.000000
957;271.000000
958;271.000000
959;271.000000
960;271.000000
961;271.000000
962;271.000000
963;271.000000
964;271.000000
965;271.000000
966;271.000000
967;271.000000
968;271.000000
969;271.000000
970;271.000000
971;271.000000
972;271.000000
973;271.000000
974;271.000000
975;271.000000
976;271.000000
977;271.000000
978;271.000000
979;271.000000
980;271.000000
981;271.000000
982;271.000000
983;271.000000
984;271.000000
985;271.000000
986;271.000000
987;271.000000
988;271.000000
989;271.000000
990;271.000000
991;271.000000
992;271.000000
993;271.000000
994;271.000000
995;271.000000
996;271.000000
997;271.000000
998;271.000000
999;271.000000
1000;271.000000
1001;271.000000
1002;271.000000
1003;271.000000
1004;271.000000
1005;271.000000
1006;271.000000
1007;271.000000
1008;271.000000
1009;271.000000
1010;271.000000
1011;271.000000
1012;271.000000
1013;271.000000
1014;271.000000
1015;271.000000
1016;271.000000
1017;271.000000
1018;271.000000
1019;271.000000
1020;271.000000
1021;271.000000
1022;271.000000
1023;271.000000
1024;271.000000
1025;271.000000
1026;271.000000
1027;271.000000
1028;271.000000
1029;271.000000
1030;271.000000
1031;271.000000
1032;271.000000
1033;271.000000
1034;271.000000
1035;271.000000
1036;271.000000
1037;271.000000
1038;271.000000
1039;271.000000
1040;271.000000
1041;271.000000
1042;271.000000
1043;271.000000
1044;271.000000
1045;271.000000
1046;271.000000
1047;271.000000
1048;271.000000
1049;271.000000
1050;271.000000
1051;271.000000
1052;271.000000
1053;271.000000
1054;271.000000
1055;271.000000
1056;271.000000
1057;271.000000
1058;271.000000
1059;271.000000
1060;271.000000
1061;271.000000
1062;271.000000
1063;271.000000
1064;271.000000
1065;271.000000
1066;271.000000
1067;271.000000
1068;271.000000
1069;271.000000
1070;271.000000
1071;271.000000
1072;271.000000
1073;271.000000
1074;271.000000
1075;271.000000
1076;271.000000
1077;271.000000
1078;271.000000
1079;271.000000
1080;271.000000
1081;271.000000
1082;271.000000
1083;271.000000
1084;271.000000
1085;271.000000
1086;271.000000
1087;271.000000
1088;271.000000
1089;271.000000
1090;271.000000
1091;271.000000
1907;271.000000
1908;271.000000
1909;271.000000
1910;271.000000
1911;271.000000
1912;271.000000
1913;271.000000
1914;271.000000
1915;271.000000
1916;271.000000
1917;271.000000
1918;271.000000
1919;271.000000
1920;271.000000
1921;271.000000
1922;271.000000
1923;271.000000
1924;271.000000
1925;271.000000
1926;271.000000
1927;271.000000
1928;271.000000
1929;271.000000
1930;271.000000
1931;271.000000
1932;271.000000
1933;271.000000
1934;271.000000
1935;271.000000
1936;271.000000
1937;271.000000
1938;271.000000
1939;271.000000
1940;271.000000
1941;271.000000
1942;271.000000
1943;271.000000
1944;271.000000
1945;271.000000
1946;271.000000
1947;271.000000
1948;271.000000
1949;271.000000
1950;271.000000
1951;271.000000
1952;271.000000
1953;271.000000
1954;271.000000
1955;271.000000
1956;271.000000
1957;271.000000
1958;271.000000
1959;271.000000
1960;271.000000
1961;271.000000
1962;271.000000
1963;271.000000
1964;271.000000
1965;271.000000
1966;271.000000
1967;271.000000
1968;271.000000
1969;271.000000
1970;271.000000
1971;271.000000
1972;271.000000
1973;271.000000
1974;271.000000
1975;271.000000
1976;271.000000
1977;271.000000
1978;271.000000
1979;271.000000
1980;271.000000
1981;271.000000
1982;271.000000
1983;271.000000
1984;271.000000
1985;271.000000
1986;271.000000
1987;271.000000
1988;271.000000
1989;271.000000
1990;271.000000
1991;271.000000
1992;271.000000
1993;271.000000
1994;271.000000
1995;271.000000
1996;271.000000
1997;271.000000
1998;271.000000
